,id,0,1,2,3
0,cb7a4e0dd0777,0.687,0.193,0.098,0.022
1,e78e3915f3e30,0.042,0.345,0.58,0.033
2,8e65ba155f983,0.803,0.118,0.062,0.017
3,701e90ca03ce2,0.891,0.051,0.04,0.018
4,768fefec8609a,0.168,0.24,0.485,0.107
5,c82dda45a3b6a,0.715,0.145,0.094,0.046
6,6341541975879,0.045,0.396,0.559,0.0
7,e7f84a3f59af5,0.385,0.327,0.268,0.02
8,277c78d6c7d4a,0.306,0.288,0.39,0.016
9,b3f1bc31ff96f,0.598,0.302,0.095,0.005
10,aa2489021c583,0.064,0.46,0.461,0.015
11,c0bc42b246e22,0.769,0.145,0.081,0.005
12,c9657b8e6a548,0.129,0.478,0.392,0.001
13,ac4fe0f041f4d,0.338,0.39,0.269,0.003
14,78ec1dbea3802,0.089,0.848,0.061,0.002
15,f7bc6efcda82c,0.581,0.339,0.076,0.004
16,f398ea2f613e0,0.859,0.072,0.06,0.009
17,cf8133b7c888c,0.842,0.114,0.043,0.001
18,8ce644a1cf903,0.937,0.047,0.016,0.0
19,02557380b4cd2,0.51,0.379,0.109,0.002
20,f294140a5b880,0.522,0.135,0.339,0.004
21,35e206e51cec4,0.675,0.264,0.058,0.003
22,7f3f7c6a395e7,0.573,0.313,0.109,0.005
23,54f9183c781c3,0.717,0.187,0.083,0.013
24,b7af9d800fd58,0.673,0.284,0.037,0.006
25,8d11b75a862a9,0.852,0.105,0.036,0.007
26,472b44724b004,0.182,0.365,0.439,0.014
27,7e8ca30810da1,0.934,0.051,0.015,0.0
28,5bca7813a04a4,0.861,0.074,0.053,0.012
29,e3206966caff1,0.91,0.049,0.021,0.02
30,b15ccaed4e749,0.951,0.037,0.012,0.0
31,b1205a3226590,0.045,0.744,0.209,0.002
32,2167843fc903a,0.282,0.443,0.264,0.011
33,8ab1c994e631f,0.185,0.759,0.056,0.0
34,6a463ccadb0fc,0.738,0.139,0.122,0.001
35,40e03a3f0818b,0.711,0.264,0.024,0.001
36,78a23bf98f576,0.934,0.052,0.013,0.001
37,d8bf9bc40f956,0.129,0.719,0.152,0.0
38,c0e35faa240f7,0.556,0.256,0.188,0.0
39,14a0b10f57350,0.237,0.379,0.366,0.018
40,67e6a57f18620,0.032,0.33,0.638,0.0
41,2a0354f66e21a,0.604,0.243,0.15,0.003
42,8836c1c470302,0.491,0.249,0.256,0.004
43,b21d74d065335,0.773,0.179,0.029,0.019
44,bcf5869e52875,0.633,0.239,0.127,0.001
45,826d04e097adf,0.576,0.246,0.135,0.043
46,43dbabee0259d,0.721,0.192,0.081,0.006
47,f5347d56c9571,0.622,0.313,0.065,0.0
48,4bf80ca51a695,0.278,0.272,0.429,0.021
49,4056fa615c6d4,0.903,0.055,0.04,0.002
50,2f3174b89420b,0.843,0.104,0.048,0.005
51,de768558eabe5,0.944,0.046,0.009,0.001
52,1d4918a8c517e,0.444,0.485,0.066,0.005
53,25e8ada5ac109,0.334,0.425,0.188,0.053
54,9251f1d76a7bc,0.346,0.534,0.114,0.006
55,d0aede5463464,0.757,0.233,0.008,0.002
56,b1a8865d46fab,0.849,0.121,0.029,0.001
57,b44e327ed330d,0.892,0.085,0.022,0.001
58,12cb022091521,0.407,0.461,0.13,0.002
59,85719c5eedc2e,0.916,0.072,0.011,0.001
60,716f0621b2b8e,0.558,0.251,0.152,0.039
61,0801fe2b85d8f,0.608,0.283,0.101,0.008
62,374e4d3d3a825,0.574,0.327,0.093,0.006
63,1f9c2b9bd550e,0.716,0.114,0.17,0.0
64,24849419778e6,0.147,0.237,0.476,0.14
65,d7c724436e10f,0.536,0.285,0.178,0.001
66,35ac36a0e9332,0.764,0.16,0.067,0.009
67,67ca49cbe9963,0.743,0.173,0.063,0.021
68,a4432db98090a,0.116,0.785,0.091,0.008
69,a25b11e86b58f,0.52,0.199,0.281,0.0
70,1af7c95c6d14a,0.301,0.331,0.355,0.013
71,64dab177f0701,0.152,0.53,0.31,0.008
72,62e926e35e177,0.662,0.228,0.108,0.002
73,eae92ee37d2a1,0.844,0.124,0.031,0.001
74,4622a2cb547e6,0.161,0.121,0.681,0.037
75,11fa91af86e8a,0.882,0.067,0.04,0.011
76,a0b0ca0fe0f8c,0.857,0.113,0.028,0.002
77,46685042b18d0,0.034,0.058,0.904,0.004
78,8dbe257f5968c,0.892,0.078,0.027,0.003
79,e3d1904e5424e,0.035,0.733,0.229,0.003
80,9c131d8b7f254,0.809,0.125,0.05,0.016
81,94e2c9578273d,0.578,0.286,0.109,0.027
82,021680f2208d1,0.334,0.272,0.389,0.005
83,2191f28b2de40,0.041,0.774,0.151,0.034
84,975564d687628,0.287,0.533,0.169,0.011
85,bf2b682a0e2a7,0.056,0.908,0.035,0.001
86,25821f039875a,0.828,0.142,0.023,0.007
87,98a8e0dca737c,0.646,0.265,0.073,0.016
88,363506e7783d8,0.421,0.368,0.201,0.01
89,cadafc264a518,0.207,0.307,0.417,0.069
90,28611d81ea48c,0.705,0.255,0.037,0.003
91,84dfe9e295a0f,0.041,0.939,0.02,0.0
92,b483b623396ed,0.836,0.124,0.027,0.013
93,59525c19c0698,0.234,0.705,0.061,0.0
94,762356929ecc4,0.705,0.208,0.084,0.003
95,ba59d11627d44,0.3,0.426,0.239,0.035
96,3cdf4c54bfd25,0.353,0.481,0.151,0.015
97,a3c0afc895e93,0.93,0.046,0.015,0.009
98,b3aa260237259,0.323,0.497,0.17,0.01
99,c5cb0e6223305,0.296,0.445,0.235,0.024
100,775be0b696943,0.747,0.143,0.094,0.016
101,8319f91f7977b,0.338,0.498,0.153,0.011
102,5836c85f705a6,0.301,0.422,0.275,0.002
103,4f4bfdf8ea5b0,0.47,0.51,0.014,0.006
104,80682f51ace43,0.302,0.476,0.205,0.017
105,40995f50c5d7a,0.445,0.484,0.06,0.011
106,b923291687c65,0.574,0.335,0.083,0.008
107,caaf0aebea643,0.27,0.591,0.139,0.0
108,9fa2cc2135e8b,0.165,0.281,0.436,0.118
109,402e38da5ad87,0.05,0.076,0.869,0.005
110,429ee412fe5c3,0.123,0.829,0.043,0.005
111,fe14355e17cd2,0.298,0.246,0.421,0.035
112,a4a4b9b6fd83b,0.692,0.254,0.045,0.009
113,dab22b2e2c565,0.841,0.108,0.045,0.006
114,a66a6167020bb,0.946,0.026,0.022,0.006
115,862a7bb19a980,0.691,0.216,0.091,0.002
116,1de7098788124,0.645,0.225,0.127,0.003
117,44235ccb0e36d,0.941,0.05,0.009,0.0
118,a7a8d0a8d52a2,0.194,0.684,0.122,0.0
119,67a83bd433c7b,0.437,0.504,0.057,0.002
120,521978c6fdf43,0.887,0.091,0.02,0.002
121,1e2b9fcffc6a8,0.391,0.556,0.052,0.001
122,0b3d82a4c0ddb,0.043,0.534,0.42,0.003
123,c6289f4576a04,0.851,0.136,0.011,0.002
124,f24039f1c761e,0.931,0.057,0.007,0.005
125,502eead3852f0,0.652,0.268,0.077,0.003
126,beab157ee3802,0.348,0.48,0.172,0.0
127,3012f6bff8346,0.047,0.048,0.898,0.007
128,2d447319fb871,0.775,0.138,0.056,0.031
129,10b40c22621c9,0.346,0.521,0.132,0.001
130,ac20444958402,0.352,0.446,0.174,0.028
131,866bf88b49ee8,0.424,0.462,0.11,0.004
132,4cefde2135ab9,0.337,0.311,0.306,0.046
133,f64500af3a21f,0.358,0.425,0.21,0.007
134,6aa9c0e73a1c3,0.358,0.526,0.108,0.008
135,d365e96ce426a,0.6,0.226,0.162,0.012
136,cbe78e29da85a,0.536,0.234,0.226,0.004
137,03b264b18c8c1,0.558,0.325,0.104,0.013
138,faab541957a50,0.576,0.299,0.122,0.003
139,c8deb68c53946,0.762,0.178,0.054,0.006
140,a33a73a205b5c,0.472,0.49,0.032,0.006
141,f50f1cb1526ea,0.461,0.277,0.261,0.001
142,ca77a3fbbf9a2,0.154,0.776,0.069,0.001
143,c284a5b75de72,0.438,0.467,0.089,0.006
144,984e8cc312693,0.875,0.096,0.025,0.004
145,ecc2046956e4f,0.532,0.291,0.175,0.002
146,113143d46c10a,0.862,0.085,0.048,0.005
147,dbaed32fb3ff5,0.399,0.566,0.03,0.005
148,d59612009e4ff,0.683,0.289,0.026,0.002
149,f09a4c1eb2241,0.548,0.318,0.121,0.013
150,64babf6bc0c26,0.948,0.031,0.019,0.002
151,be28687c974bd,0.726,0.142,0.116,0.016
152,69053937dbe2f,0.152,0.525,0.321,0.002
153,d3084c3eb130d,0.829,0.092,0.069,0.01
154,c5800e7b90f66,0.319,0.506,0.159,0.016
155,add129f1acd7b,0.757,0.197,0.044,0.002
156,fba5e868ad13d,0.622,0.302,0.075,0.001
157,9625ef6e74393,0.794,0.175,0.03,0.001
158,1cf1d8d901491,0.59,0.379,0.03,0.001
159,2db761e381e92,0.489,0.351,0.156,0.004
160,73d2624de6c2a,0.28,0.286,0.426,0.008
161,14e864dec4a3e,0.863,0.084,0.053,0.0
162,97f725ae08b5d,0.816,0.101,0.078,0.005
163,22ca9470b6682,0.893,0.094,0.01,0.003
164,67acb94f3aa3f,0.305,0.618,0.063,0.014
165,5ee565b1c6c58,0.764,0.2,0.035,0.001
166,5e52fb52ddd67,0.823,0.167,0.009,0.001
167,c24a27bececc5,0.508,0.3,0.188,0.004
168,82cdb80b63d3d,0.08,0.808,0.105,0.007
169,67a51dd0efc23,0.775,0.187,0.034,0.004
170,9f36283add9f7,0.439,0.375,0.181,0.005
171,186b89dfadb80,0.309,0.458,0.233,0.0
172,67833ffa4484d,0.8,0.148,0.042,0.01
173,bd7c0b9a281f2,0.425,0.522,0.053,0.0
174,48c7f311b3c25,0.871,0.076,0.051,0.002
175,181b0041ed23e,0.06,0.432,0.507,0.001
176,00ed5d7121970,0.749,0.172,0.073,0.006
177,0664a0730b8d3,0.846,0.093,0.06,0.001
178,ca330f389b732,0.811,0.117,0.069,0.003
179,b6ca4f41fe269,0.067,0.776,0.155,0.002
180,f883a19389bb6,0.306,0.514,0.178,0.002
181,47ab0d194aea4,0.853,0.117,0.029,0.001
182,24ba4f230e0d4,0.584,0.259,0.143,0.014
183,e11ea669cd9ee,0.284,0.519,0.159,0.038
184,d690b9ad73458,0.711,0.217,0.065,0.007
185,77abe86f3bf63,0.812,0.094,0.082,0.012
186,2f20b65953e25,0.606,0.17,0.223,0.001
187,3f5fb2cfcd506,0.856,0.085,0.058,0.001
188,c41007d2dacc7,0.74,0.255,0.005,0.0
189,cf2fe07f47505,0.15,0.15,0.666,0.034
190,2c9a28808544f,0.714,0.214,0.061,0.011
191,ddbbb500adda5,0.513,0.121,0.363,0.003
192,6e4386833e213,0.494,0.237,0.262,0.007
193,edc8aa6c76be2,0.868,0.073,0.05,0.009
194,d725fb6e315e7,0.804,0.115,0.065,0.016
195,5894e1107180a,0.311,0.447,0.228,0.014
196,6360ae4028024,0.789,0.146,0.052,0.013
197,8dd44f20f12ed,0.646,0.154,0.199,0.001
198,5a9fffd4e4065,0.095,0.877,0.028,0.0
199,0582ccdaadae6,0.783,0.148,0.068,0.001
200,b4bd7db9b127d,0.157,0.493,0.345,0.005
201,1b13da9f6507f,0.691,0.259,0.039,0.011
202,5e40c3c6ab265,0.898,0.07,0.031,0.001
203,9c2adea981bc5,0.053,0.909,0.038,0.0
204,4b65ffa78ed14,0.972,0.017,0.008,0.003
205,d96590e39ef39,0.919,0.062,0.016,0.003
206,15e7e4741406c,0.722,0.225,0.053,0.0
207,8f39c8f5291af,0.446,0.338,0.211,0.005
208,a2da9054e7e4d,0.864,0.091,0.043,0.002
209,07c1dce74ac49,0.154,0.783,0.063,0.0
210,34c99f80668f8,0.147,0.618,0.233,0.002
211,c0b9ab893b99f,0.755,0.184,0.058,0.003
212,5e88107a79e3d,0.105,0.804,0.089,0.002
213,069296eca3ce7,0.299,0.512,0.187,0.002
214,778fc212e608f,0.649,0.271,0.079,0.001
215,23975751e2edc,0.565,0.302,0.104,0.029
216,e670d24a28e5c,0.638,0.233,0.11,0.019
217,cb0e2df1fe3ac,0.545,0.338,0.108,0.009
218,68c4e021daca2,0.156,0.762,0.079,0.003
219,72a1e8e9ce54a,0.224,0.729,0.046,0.001
220,4c75afcaf529a,0.489,0.416,0.089,0.006
221,09c270bc976c8,0.917,0.062,0.017,0.004
222,5db8c7a8eaf17,0.496,0.36,0.132,0.012
223,4ffd7a7e32026,0.333,0.66,0.007,0.0
224,0d20616daa3eb,0.885,0.099,0.014,0.002
225,755ed1cdfd528,0.211,0.203,0.578,0.008
226,d5017beb72d4e,0.876,0.099,0.025,0.0
227,db716b400d6d0,0.626,0.224,0.15,0.0
228,3e51741276e13,0.551,0.212,0.237,0.0
229,89b746665e0f9,0.918,0.041,0.04,0.001
230,9776f50625fa2,0.895,0.051,0.046,0.008
231,3add0fdb99a88,0.262,0.653,0.084,0.001
232,496a9674bd046,0.856,0.109,0.024,0.011
233,219d5402dcf1e,0.78,0.165,0.044,0.011
234,2a78e9d519da3,0.561,0.332,0.106,0.001
235,6156b124e4316,0.117,0.821,0.062,0.0
236,247ce90b93083,0.308,0.606,0.053,0.033
237,460f9985fbc73,0.874,0.087,0.036,0.003
238,42cbdc520be37,0.434,0.496,0.067,0.003
239,320edd9a92940,0.403,0.381,0.212,0.004
240,fb03265150bd9,0.734,0.149,0.11,0.007
241,bdd3f3a112bd3,0.86,0.099,0.038,0.003
242,4d86db1e431e9,0.585,0.177,0.237,0.001
243,efbc1956b8641,0.309,0.488,0.196,0.007
244,a64d83abf14c1,0.075,0.317,0.607,0.001
245,dd65244b7c5bf,0.542,0.291,0.156,0.011
246,a241e62ddc58a,0.773,0.177,0.039,0.011
247,ef79022537337,0.788,0.199,0.011,0.002
248,f9a5b9d1ccff6,0.087,0.78,0.133,0.0
249,6657ead7433fa,0.703,0.256,0.036,0.005
250,788aed91add51,0.286,0.56,0.139,0.015
251,017f2211fcd07,0.115,0.77,0.115,0.0
252,c72cf3813a67d,0.285,0.436,0.267,0.012
253,f352fa8ff26c2,0.59,0.227,0.182,0.001
254,eea4f719edcf1,0.141,0.808,0.048,0.003
255,e617d9a4c0c6b,0.84,0.107,0.051,0.002
256,e42b1f7b9f5c7,0.508,0.296,0.186,0.01
257,77015a1bf9de1,0.426,0.373,0.198,0.003
258,bd9685887dbfd,0.083,0.828,0.089,0.0
259,9190a9f0e2f4a,0.908,0.057,0.033,0.002
260,ea4ddfc999a50,0.192,0.262,0.536,0.01
261,4459363f63263,0.311,0.516,0.163,0.01
262,e70bfa4b8641a,0.84,0.08,0.069,0.011
263,185349d3a3345,0.51,0.404,0.076,0.01
264,b3308dc8e21c6,0.791,0.17,0.037,0.002
265,8f545aa1ca394,0.622,0.23,0.148,0.0
266,d2b503fbee298,0.457,0.314,0.218,0.011
267,39bb6c38ab7ad,0.756,0.172,0.061,0.011
268,64bfe20a6bcd6,0.099,0.517,0.379,0.005
269,0bebce615255b,0.561,0.31,0.129,0.0
270,ee015edcbca43,0.495,0.176,0.325,0.004
271,01c7d077036a5,0.097,0.106,0.779,0.018
272,629a17640b6f2,0.362,0.444,0.189,0.005
273,47a2252476f5b,0.695,0.247,0.058,0.0
274,7d9bc6f969c44,0.526,0.427,0.046,0.001
275,7be02fcbce717,0.868,0.081,0.045,0.006
276,7c00eb1151bac,0.64,0.261,0.076,0.023
277,034dc7bd5fbe1,0.413,0.248,0.324,0.015
278,93f07cbc1ee8a,0.214,0.612,0.161,0.013
279,c69b302f54c62,0.378,0.45,0.166,0.006
280,0753699f8e702,0.894,0.075,0.03,0.001
281,5b58a3570e29d,0.021,0.402,0.466,0.111
282,72140bc89d304,0.647,0.114,0.238,0.001
283,ead07bc039d39,0.072,0.911,0.017,0.0
284,927e9a313a2ff,0.306,0.384,0.287,0.023
285,9be30263c7873,0.118,0.132,0.727,0.023
286,5204af487c424,0.851,0.109,0.035,0.005
287,3b4f1cd954ecf,0.101,0.85,0.047,0.002
288,2e4438586cb1f,0.237,0.671,0.091,0.001
289,03f6d9dce4a94,0.862,0.084,0.024,0.03
290,85c4215076ee8,0.48,0.469,0.044,0.007
291,4e9e123860c43,0.613,0.301,0.08,0.006
292,6b25bdb988de3,0.786,0.117,0.078,0.019
293,5bdf33752016b,0.525,0.409,0.064,0.002
294,52aaa9f845591,0.368,0.507,0.121,0.004
295,ae15f24bf4448,0.104,0.846,0.05,0.0
296,601589fdbae68,0.135,0.268,0.506,0.091
297,861c17b3ed2c6,0.42,0.477,0.097,0.006
298,a70b706946a1f,0.963,0.03,0.007,0.0
299,e93e92ee7091c,0.65,0.173,0.177,0.0
300,40cfee8fa3338,0.943,0.04,0.016,0.001
301,32d3baf6d138b,0.754,0.188,0.045,0.013
302,9e45c78bb6bb2,0.675,0.213,0.097,0.015
303,ee1b94b461f2c,0.97,0.016,0.014,0.0
304,f8ea3a7633ab2,0.414,0.274,0.312,0.0
305,f9bf4ce79ba88,0.701,0.181,0.096,0.022
306,d5f8b6c8e4295,0.15,0.458,0.39,0.002
307,50345cc9e464a,0.085,0.11,0.8,0.005
308,c2498069bdd1d,0.362,0.432,0.202,0.004
309,8c2a5aefae2ac,0.623,0.344,0.033,0.0
310,619dac1665aaf,0.524,0.327,0.138,0.011
311,94277661e9626,0.062,0.051,0.877,0.01
312,14e2b10ce1cae,0.851,0.097,0.046,0.006
313,0c13cabbd2598,0.27,0.437,0.288,0.005
314,a081aa02cf84b,0.438,0.36,0.195,0.007
315,5fdc6d3cf8bfd,0.049,0.908,0.042,0.001
316,905a001a8964c,0.092,0.842,0.066,0.0
317,9b4399c86c840,0.884,0.095,0.016,0.005
318,caff54b28b2fe,0.875,0.094,0.026,0.005
319,f05f532cb3ba8,0.762,0.207,0.03,0.001
320,cd0db99193ca9,0.752,0.146,0.101,0.001
321,9d714bc62008f,0.772,0.146,0.072,0.01
322,2d1a3240e6f24,0.214,0.24,0.488,0.058
323,387bb54ba70cf,0.939,0.042,0.016,0.003
324,b5059f66bb7de,0.312,0.544,0.131,0.013
325,2b07e3678dc45,0.354,0.468,0.171,0.007
326,03df57200c351,0.964,0.029,0.006,0.001
327,a81468bde1554,0.244,0.613,0.138,0.005
328,4cdee10298bcd,0.044,0.06,0.883,0.013
329,0967f5268aebf,0.626,0.331,0.042,0.001
330,d7fedd5615367,0.611,0.274,0.082,0.033
331,1b2f7add4b222,0.637,0.251,0.099,0.013
332,0c86fae15fcc9,0.811,0.11,0.059,0.02
333,7909d9ac89a87,0.242,0.405,0.32,0.033
334,2aa613d131c22,0.292,0.373,0.332,0.003
335,dc297e1356cdd,0.643,0.209,0.148,0.0
336,3c69dbb1a3466,0.175,0.563,0.261,0.001
337,0a6ada05bd94f,0.052,0.799,0.148,0.001
338,908126d988984,0.677,0.253,0.07,0.0
339,b3cde4c3a19c8,0.07,0.115,0.808,0.007
340,05af8f95ffd07,0.505,0.196,0.298,0.001
341,0349f87fb4d2c,0.403,0.407,0.173,0.017
342,382521416fa3f,0.931,0.053,0.013,0.003
343,f96176399750f,0.624,0.319,0.054,0.003
344,208250b7966cd,0.394,0.455,0.149,0.002
345,1f7ad45393caf,0.747,0.218,0.035,0.0
346,020874f416fab,0.884,0.091,0.024,0.001
347,169a2386ddb22,0.676,0.189,0.135,0.0
348,dff5d34ecce71,0.365,0.51,0.099,0.026
349,3066d505297ab,0.546,0.265,0.073,0.116
350,05b3eafba09a3,0.675,0.248,0.074,0.003
351,ea8b67fb8cb2b,0.916,0.072,0.012,0.0
352,4bce241560a7f,0.827,0.13,0.043,0.0
353,9750df627c4f9,0.638,0.24,0.119,0.003
354,5026b4a9a9e96,0.482,0.421,0.091,0.006
355,fb868ca8f6d39,0.657,0.307,0.027,0.009
356,ee81453dc8232,0.334,0.362,0.298,0.006
357,77c8d4117089e,0.698,0.148,0.149,0.005
358,fd650c0b9b25d,0.271,0.698,0.024,0.007
359,1293e46cf7416,0.556,0.366,0.078,0.0
360,fca0598be79a9,0.767,0.146,0.077,0.01
361,62f0457d06a96,0.351,0.393,0.239,0.017
362,fbee63367abb8,0.617,0.328,0.051,0.004
363,3a2142eba4410,0.418,0.381,0.187,0.014
364,3b5af0dbb8ca5,0.219,0.544,0.237,0.0
365,d1a1dc263b4a2,0.794,0.171,0.031,0.004
366,d23763652dab7,0.428,0.332,0.212,0.028
367,c634b0a777bcd,0.147,0.768,0.078,0.007
368,751b6cd26a219,0.551,0.243,0.196,0.01
369,5332001aa6aef,0.325,0.537,0.128,0.01
370,e4768ac20be62,0.752,0.21,0.036,0.002
371,db6a175b5d194,0.135,0.837,0.028,0.0
372,0646b40a21a4e,0.49,0.442,0.065,0.003
373,56d5c15819380,0.31,0.565,0.121,0.004
374,6f9e9f22e8832,0.591,0.281,0.11,0.018
375,3fee42dba0b9b,0.612,0.294,0.09,0.004
376,17679e970b6a5,0.911,0.072,0.016,0.001
377,3c6ea7f23ab36,0.367,0.59,0.039,0.004
378,5503c2dd949fa,0.219,0.466,0.282,0.033
379,1996288063f3e,0.389,0.457,0.146,0.008
380,92d86617221f1,0.339,0.443,0.203,0.015
381,b5369e70180f6,0.147,0.815,0.036,0.002
382,9417602deda2e,0.281,0.518,0.192,0.009
383,5daeac7f03a0b,0.851,0.111,0.034,0.004
384,c5984240e5ca1,0.845,0.137,0.017,0.001
385,564400d72a10d,0.604,0.271,0.123,0.002
386,f62299b9ed03a,0.398,0.47,0.124,0.008
387,b86cc93ba15e6,0.787,0.144,0.067,0.002
388,6caf76dccf61b,0.358,0.5,0.133,0.009
389,e2beb78529389,0.17,0.678,0.151,0.001
390,df0602bafc853,0.563,0.181,0.241,0.015
391,af55c5cd70cc9,0.25,0.6,0.112,0.038
392,6f24d514b2cda,0.148,0.717,0.13,0.005
393,c86c7ee85f26a,0.844,0.099,0.049,0.008
394,963b79cf906fa,0.374,0.487,0.139,0.0
395,6dc1538c8be1d,0.461,0.393,0.144,0.002
396,51b91f1ad3b34,0.961,0.025,0.009,0.005
397,d8100b944cf06,0.151,0.78,0.069,0.0
398,2253ca980a8a6,0.658,0.146,0.189,0.007
399,7471770845676,0.296,0.469,0.231,0.004
400,70d420ad13d0c,0.684,0.253,0.062,0.001
401,48036daabd02c,0.414,0.488,0.086,0.012
402,51b1129b73a45,0.538,0.368,0.084,0.01
403,02fa1a16cd3f8,0.378,0.462,0.158,0.002
404,6133a8d0966d5,0.72,0.184,0.075,0.021
405,92b3cf64759c6,0.253,0.372,0.359,0.016
406,736ef9d5c1d0a,0.089,0.265,0.642,0.004
407,17e43e152970b,0.301,0.349,0.338,0.012
408,221d09fc402a9,0.676,0.214,0.109,0.001
409,faca71a6a7117,0.963,0.028,0.009,0.0
410,181e02f126b06,0.465,0.31,0.202,0.023
411,414ba022e2b58,0.06,0.899,0.034,0.007
412,601f766027bbb,0.259,0.367,0.365,0.009
413,e69843ee7099d,0.591,0.283,0.126,0.0
414,845966878ecff,0.837,0.099,0.056,0.008
415,3d592226da83a,0.822,0.096,0.08,0.002
416,b67353b29b528,0.508,0.361,0.125,0.006
417,37624dfdad110,0.704,0.228,0.058,0.01
418,34b6c602595ee,0.337,0.553,0.069,0.041
419,8acefee135608,0.44,0.35,0.184,0.026
420,5d0e097609225,0.413,0.467,0.116,0.004
421,ed1835c1cc5a0,0.979,0.019,0.002,0.0
422,da1e58444d18c,0.731,0.214,0.054,0.001
423,41756c74f61c3,0.107,0.785,0.108,0.0
424,217a3419da062,0.463,0.507,0.029,0.001
425,989a089c7cd37,0.952,0.03,0.014,0.004
426,6520f3877e2e5,0.485,0.337,0.169,0.009
427,e2994b75e1ee9,0.948,0.047,0.005,0.0
428,5bd59d6f5d3c4,0.397,0.456,0.141,0.006
429,cbdd780dbc84b,0.545,0.422,0.029,0.004
430,6128302e056b1,0.344,0.459,0.196,0.001
431,cd2565e6b196e,0.384,0.391,0.208,0.017
432,fdc79f4bf07bd,0.85,0.103,0.04,0.007
433,0538fbd0a3f10,0.672,0.253,0.072,0.003
434,5aef7e91cd563,0.547,0.295,0.15,0.008
435,eb19d73dd04cf,0.793,0.165,0.042,0.0
436,34aa96f4a74ec,0.582,0.316,0.095,0.007
437,bc4045cdd22ea,0.481,0.348,0.162,0.009
438,4a9f4c7803c0a,0.208,0.76,0.031,0.001
439,82b913f3d021d,0.628,0.281,0.086,0.005
440,d3b53224819ef,0.839,0.128,0.03,0.003
441,d14c43e0e8777,0.027,0.12,0.825,0.028
442,968949bb95702,0.055,0.242,0.701,0.002
443,c25ec584c7924,0.663,0.296,0.041,0.0
444,9312308b4133c,0.51,0.453,0.036,0.001
445,aee3803f46903,0.631,0.297,0.07,0.002
446,48e09706f8864,0.562,0.315,0.122,0.001
447,290450a39fc21,0.317,0.652,0.025,0.006
448,082fece06aec5,0.398,0.511,0.09,0.001
449,46147419bce64,0.654,0.269,0.065,0.012
450,aebb5c23eba19,0.741,0.212,0.044,0.003
451,2c77b98dd1d9d,0.634,0.196,0.168,0.002
452,fecc93d26e8be,0.687,0.244,0.066,0.003
453,b81f352d4b4cb,0.517,0.297,0.106,0.08
454,b21b25146b655,0.825,0.132,0.042,0.001
455,f1d652391d965,0.677,0.252,0.067,0.004
456,308fb7e62d451,0.841,0.108,0.041,0.01
457,7e2c3c6db3263,0.274,0.616,0.11,0.0
458,a460fdd21eefa,0.553,0.275,0.142,0.03
459,1767eb3d81cd6,0.967,0.02,0.012,0.001
460,776e0a3d78343,0.624,0.242,0.129,0.005
461,d23df4341e4d1,0.449,0.378,0.16,0.013
462,1992022ecbcca,0.79,0.161,0.047,0.002
463,a8916e793e22e,0.899,0.078,0.02,0.003
464,bf75244324f17,0.894,0.059,0.047,0.0
465,e70e552f3f9de,0.062,0.561,0.374,0.003
466,088394a362fe1,0.67,0.286,0.044,0.0
467,7ece43293b467,0.51,0.284,0.199,0.007
468,03680f96dc5f7,0.488,0.299,0.211,0.002
469,5f6f7532ba978,0.413,0.416,0.171,0.0
470,35bcab3e590fd,0.181,0.258,0.551,0.01
471,dfe9340cfff37,0.859,0.086,0.051,0.004
472,9f06ec20a1dda,0.589,0.187,0.214,0.01
473,f06678df01327,0.659,0.276,0.023,0.042
474,0baafc57e8a7b,0.524,0.353,0.115,0.008
475,0fc0666672874,0.579,0.256,0.152,0.013
476,1cf638dde34de,0.24,0.404,0.334,0.022
477,b219df451a05d,0.286,0.519,0.178,0.017
478,707c983a23788,0.799,0.179,0.018,0.004
479,863936d5cc167,0.897,0.049,0.052,0.002
480,b5b405d64025a,0.546,0.45,0.004,0.0
481,95af1ebd829db,0.521,0.373,0.103,0.003
482,1bb8c30ac0aaf,0.783,0.172,0.042,0.003
483,ec96d6466ba0e,0.743,0.181,0.047,0.029
484,a2cd91d5dcaf5,0.31,0.412,0.27,0.008
485,7c51eca6f70db,0.09,0.852,0.058,0.0
486,d3d0a0991a461,0.084,0.083,0.824,0.009
487,75e8b57372920,0.682,0.195,0.122,0.001
488,60602c8405149,0.305,0.589,0.089,0.017
489,5ef5c3654236b,0.665,0.287,0.042,0.006
490,1462e4f4ebb06,0.33,0.438,0.226,0.006
491,3076a03ffde70,0.715,0.19,0.064,0.031
492,42f1a57a0a0ea,0.129,0.768,0.102,0.001
493,1012e86b0c9ba,0.216,0.711,0.073,0.0
494,5746139037193,0.088,0.862,0.05,0.0
495,2618e79ee1021,0.148,0.742,0.108,0.002
496,384c75bfa9084,0.113,0.783,0.101,0.003
497,3bf7e36a84918,0.4,0.355,0.19,0.055
498,65d30bf2468e7,0.387,0.44,0.161,0.012
499,3230244c886be,0.561,0.202,0.237,0.0
500,03981ffe9a86c,0.377,0.138,0.484,0.001
501,6a52d887c9a75,0.85,0.131,0.019,0.0
502,3df20f65a7496,0.791,0.193,0.011,0.005
503,e4edeaafaa68c,0.217,0.659,0.124,0.0
504,12c91565853cd,0.538,0.431,0.022,0.009
505,0ca6f1275a84f,0.058,0.084,0.854,0.004
506,a3683d0c00a5e,0.071,0.526,0.4,0.003
507,eedee54548ceb,0.211,0.687,0.102,0.0
508,a532ede61f5b1,0.604,0.234,0.159,0.003
509,40fd5166e2c71,0.569,0.359,0.072,0.0
510,d00e17d1351c4,0.071,0.171,0.753,0.005
511,fd36c2397df49,0.87,0.104,0.024,0.002
512,e0d55e7b6c3ed,0.082,0.19,0.727,0.001
513,17e14302a6eec,0.666,0.198,0.136,0.0
514,0fa593ca74122,0.389,0.454,0.146,0.011
515,04c1077a40948,0.852,0.121,0.026,0.001
516,ff2ea8a6a4eac,0.697,0.162,0.141,0.0
517,79753fae22fa3,0.155,0.786,0.057,0.002
518,d3aee8ff59c1e,0.751,0.167,0.08,0.002
519,58ebe4bcc6a5a,0.784,0.172,0.025,0.019
520,a43b68d967ee9,0.068,0.253,0.613,0.066
521,24f276554b907,0.659,0.265,0.066,0.01
522,279e3433a111a,0.547,0.205,0.244,0.004
523,bf7f4ca5a6c7d,0.211,0.515,0.235,0.039
524,1e229baa3a6a8,0.468,0.378,0.15,0.004
525,14ea6ad9ddb57,0.616,0.344,0.037,0.003
526,c2b2fbd24ee05,0.708,0.143,0.123,0.026
527,d973d97e8d02a,0.155,0.741,0.103,0.001
528,fbe58e20093da,0.078,0.856,0.057,0.009
529,829da14e5f417,0.107,0.73,0.156,0.007
530,182dbdd520171,0.137,0.779,0.081,0.003
531,58d08d890ce12,0.466,0.448,0.083,0.003
532,3e4696852ab70,0.397,0.463,0.126,0.014
533,3a7db4abee786,0.069,0.61,0.319,0.002
534,297b2f77f45e3,0.766,0.108,0.095,0.031
535,3629cc5abf4f5,0.689,0.249,0.061,0.001
536,9b41615bbb81f,0.178,0.518,0.294,0.01
537,375fb6a9d6acf,0.604,0.247,0.148,0.001
538,c476129f67f66,0.309,0.537,0.123,0.031
539,9c312a8136edf,0.087,0.039,0.867,0.007
540,15e8f66400d37,0.521,0.412,0.06,0.007
541,393a3c73aae29,0.551,0.287,0.152,0.01
542,4e61f808ced82,0.632,0.202,0.164,0.002
543,880ff160d4bad,0.622,0.369,0.008,0.001
544,68328c69a9557,0.58,0.279,0.139,0.002
545,105283fdfa33a,0.586,0.281,0.126,0.007
546,9bfbe5bb28e19,0.612,0.322,0.064,0.002
547,8f91167380bbc,0.83,0.145,0.025,0.0
548,30b3ac78db4f7,0.163,0.284,0.541,0.012
549,1127b7c1de3cc,0.364,0.562,0.069,0.005
550,d22e53f53cbcc,0.575,0.238,0.183,0.004
551,003e87f0fc85c,0.517,0.286,0.195,0.002
552,a0e5927d0bf7e,0.686,0.184,0.128,0.002
553,8da5c17f70362,0.698,0.232,0.065,0.005
554,1f02c6fb16815,0.431,0.44,0.119,0.01
555,d71fa2bdcabe5,0.432,0.366,0.191,0.011
556,5a41a5480769a,0.576,0.293,0.131,0.0
557,0bb1f44184bca,0.064,0.111,0.824,0.001
558,93afc26d4f6c1,0.172,0.77,0.057,0.001
559,938eeb9b783ee,0.339,0.461,0.197,0.003
560,8c5fb862ee4ce,0.588,0.351,0.06,0.001
561,b85b8962822c5,0.619,0.311,0.064,0.006
562,62d25aa956f7b,0.152,0.325,0.521,0.002
563,210abea288a77,0.532,0.415,0.053,0.0
564,9d7c5844b753d,0.397,0.388,0.199,0.016
565,8fa9c014d1c63,0.797,0.142,0.052,0.009
566,8d70b779c3aeb,0.587,0.292,0.105,0.016
567,f1c4e42da25b0,0.446,0.436,0.108,0.01
568,bbd393553639b,0.478,0.278,0.24,0.004
569,adb5e75aeb110,0.484,0.41,0.098,0.008
570,728dc3b72bbca,0.585,0.285,0.127,0.003
571,1dcfd58443b53,0.874,0.091,0.028,0.007
572,53d815512cc20,0.441,0.508,0.048,0.003
573,781481f122234,0.727,0.255,0.018,0.0
574,f1de7cc0dc3e7,0.667,0.287,0.041,0.005
575,86fca0afd73d3,0.677,0.275,0.039,0.009
576,fd6a77e3e1000,0.068,0.081,0.82,0.031
577,b26bc76819ef5,0.664,0.176,0.151,0.009
578,d5d749869f82f,0.9,0.062,0.034,0.004
579,5b3d45f15710f,0.082,0.869,0.042,0.007
580,f2d9011b5e25b,0.135,0.249,0.608,0.008
581,b7bc8e3b8755a,0.587,0.195,0.211,0.007
582,eb4620f52577c,0.324,0.523,0.151,0.002
583,dc5dc0abbf64d,0.121,0.723,0.156,0.0
584,6d697a01b4e33,0.137,0.813,0.05,0.0
585,865f9371442ae,0.717,0.245,0.038,0.0
586,fe5edefee010c,0.116,0.799,0.084,0.001
587,5583e6959c982,0.776,0.165,0.045,0.014
588,96e3436bd7d53,0.189,0.526,0.281,0.004
589,7637065085af3,0.756,0.204,0.036,0.004
590,51f27a4726a40,0.464,0.398,0.135,0.003
591,af17fee258893,0.03,0.949,0.021,0.0
592,0584b29ea77a3,0.797,0.181,0.019,0.003
593,7048091a3507c,0.14,0.418,0.436,0.006
594,28dbdfbbae7e5,0.202,0.484,0.31,0.004
595,30855bf91b9f1,0.746,0.224,0.03,0.0
596,31ea57daac8e2,0.414,0.4,0.179,0.007
597,111471352df2f,0.594,0.211,0.177,0.018
598,bd22f600c09ea,0.257,0.375,0.313,0.055
599,5966ca939293c,0.12,0.456,0.418,0.006
600,0ffa113e9d9b6,0.585,0.224,0.191,0.0
601,84823bf237c50,0.513,0.265,0.208,0.014
602,5e32cd7007914,0.933,0.044,0.017,0.006
603,91d6bf6bcd9b9,0.24,0.684,0.075,0.001
604,88b9f19c7a1c3,0.462,0.383,0.142,0.013
605,d63e3d1f05a6c,0.817,0.111,0.07,0.002
606,ff84f50c18c81,0.699,0.245,0.046,0.01
607,62eab329c319c,0.663,0.316,0.019,0.002
608,011ca61d79576,0.86,0.09,0.045,0.005
609,4b5ae369859dd,0.595,0.381,0.022,0.002
610,f7144dc52a7ce,0.075,0.501,0.402,0.022
611,33ef6a751a6ae,0.788,0.157,0.046,0.009
612,2d4e9d5777c6e,0.92,0.047,0.028,0.005
613,c53c445a66356,0.452,0.483,0.053,0.012
614,50955297c61e9,0.644,0.272,0.079,0.005
615,50b26de864c97,0.586,0.224,0.183,0.007
616,cd93f06dbc28b,0.777,0.169,0.054,0.0
617,1c5ff1a3cea08,0.762,0.181,0.057,0.0
618,c52d50be435f4,0.429,0.435,0.12,0.016
619,2facb051ecdd7,0.47,0.44,0.089,0.001
620,e0fab11acca5a,0.229,0.374,0.383,0.014
621,4362b5373c772,0.161,0.76,0.069,0.01
622,94199e716a1f3,0.286,0.471,0.241,0.002
623,09463f3d4dc94,0.886,0.094,0.018,0.002
624,2a072e720a823,0.086,0.855,0.058,0.001
625,585d8825622f2,0.229,0.678,0.088,0.005
626,0b3c919494931,0.26,0.587,0.151,0.002
627,dd9d3ec8058e9,0.61,0.148,0.239,0.003
628,c1ea26e07b205,0.522,0.303,0.168,0.007
629,5005e5f2f113d,0.817,0.144,0.032,0.007
630,75b72fab145b4,0.135,0.254,0.589,0.022
631,bc772326f03b5,0.732,0.258,0.009,0.001
632,8f5d673282d5b,0.443,0.122,0.432,0.003
633,75fefb16c157b,0.67,0.236,0.091,0.003
634,3dddd55c05d8f,0.583,0.357,0.058,0.002
635,40d358de7a88d,0.76,0.216,0.022,0.002
636,e03711db69c6c,0.769,0.149,0.082,0.0
637,d97c2f1e1ee6d,0.101,0.617,0.257,0.025
638,024bb0d105061,0.185,0.266,0.438,0.111
639,da7bd00786961,0.241,0.574,0.184,0.001
640,5e0da3d3e22a3,0.4,0.418,0.182,0.0
641,63eb1211488ec,0.708,0.235,0.057,0.0
642,7da927ea2e33d,0.639,0.29,0.066,0.005
643,6ed4339bd9502,0.635,0.32,0.042,0.003
644,2b278dd372ca1,0.683,0.225,0.082,0.01
645,6e4a8a2c4795a,0.147,0.809,0.043,0.001
646,b487c31293b31,0.928,0.069,0.003,0.0
647,30dbfe82ebcb9,0.254,0.524,0.205,0.017
648,7423e24548ac9,0.048,0.619,0.322,0.011
649,13fdd9091d646,0.243,0.551,0.191,0.015
650,ac71f6c626be6,0.702,0.257,0.037,0.004
651,8a6d36da4f371,0.734,0.199,0.049,0.018
652,e3a7e9a8032e0,0.444,0.338,0.205,0.013
653,e00c40d78bdc9,0.792,0.16,0.042,0.006
654,fd077115c122a,0.575,0.335,0.089,0.001
655,c5f7f483c4372,0.856,0.116,0.021,0.007
656,c9ac3039b27e5,0.515,0.369,0.09,0.026
657,8d4d1369ffc02,0.358,0.545,0.092,0.005
658,0e04eabacd3f6,0.477,0.417,0.087,0.019
659,65ffcb0f98229,0.573,0.239,0.188,0.0
660,b333c2d914e95,0.286,0.459,0.252,0.003
661,c3ac27cee6ac5,0.216,0.509,0.267,0.008
662,ba12f1555971b,0.484,0.365,0.132,0.019
663,b87edd062dc0b,0.505,0.41,0.077,0.008
664,af74b739f6642,0.611,0.22,0.168,0.001
665,933d00b218481,0.816,0.135,0.046,0.003
666,6b8050091f70b,0.32,0.623,0.044,0.013
667,ca469cdbe8376,0.263,0.596,0.111,0.03
668,5c4ed7b8287f3,0.054,0.9,0.045,0.001
669,87e2734b50821,0.736,0.172,0.091,0.001
670,154ad79793c35,0.885,0.078,0.033,0.004
671,59c6634c012f6,0.501,0.405,0.09,0.004
672,ec7839172fb14,0.418,0.531,0.048,0.003
673,63070ff2d01ce,0.321,0.505,0.168,0.006
674,66025d1d5d2c6,0.089,0.864,0.047,0.0
675,851c9ce2651bd,0.644,0.219,0.137,0.0
676,b486272afd699,0.874,0.112,0.013,0.001
677,d71dd6150aa98,0.619,0.272,0.096,0.013
678,3ce496a60d2fb,0.683,0.158,0.156,0.003
679,a2f0c1dad2646,0.412,0.447,0.125,0.016
680,ffafc11158761,0.239,0.694,0.067,0.0
681,00afec63af47f,0.574,0.314,0.099,0.013
682,ea00f27a4b721,0.259,0.569,0.159,0.013
683,744920e42173a,0.429,0.38,0.182,0.009
684,52f51f1ef2c20,0.461,0.451,0.083,0.005
685,b8b678885b2d9,0.603,0.361,0.03,0.006
686,c6a79da07421b,0.201,0.735,0.063,0.001
687,1d1373d913abe,0.434,0.387,0.175,0.004
688,8f81f6f58262c,0.265,0.497,0.223,0.015
689,c29d1763f5cfc,0.752,0.2,0.043,0.005
690,3aad14ac5b5fe,0.216,0.654,0.118,0.012
691,08af0cab3b306,0.668,0.219,0.1,0.013
692,714ac02495a09,0.605,0.276,0.116,0.003
693,7fada854952d9,0.251,0.32,0.422,0.007
694,e80e0700de482,0.42,0.431,0.142,0.007
695,c30305d86a152,0.253,0.382,0.359,0.006
696,2f8e66a098881,0.588,0.202,0.207,0.003
697,fb39170742b85,0.598,0.357,0.045,0.0
698,12af4422c631e,0.036,0.929,0.035,0.0
699,556fa5a75acd2,0.673,0.291,0.034,0.002
700,f3297bca615cd,0.159,0.375,0.458,0.008
701,a5947e0e19da4,0.179,0.359,0.396,0.066
702,304111fe8b4b2,0.718,0.214,0.056,0.012
703,c0e7c0bc4d983,0.494,0.45,0.054,0.002
704,7753a62e5d3de,0.05,0.569,0.38,0.001
705,a296e06e9c7b6,0.286,0.495,0.193,0.026
706,59cf2bbc4cb62,0.073,0.862,0.065,0.0
707,8e4920b08f6d4,0.224,0.303,0.429,0.044
708,9fc6c46342ae3,0.591,0.283,0.116,0.01
709,787af204a1708,0.42,0.432,0.123,0.025
710,63dc3c77055d9,0.162,0.766,0.071,0.001
711,76bf56f9a2816,0.645,0.272,0.081,0.002
712,81dc105607475,0.377,0.441,0.172,0.01
713,13d102eb48ddb,0.407,0.204,0.332,0.057
714,8897e6fc05632,0.803,0.127,0.069,0.001
715,ae31d5b353f5c,0.738,0.2,0.061,0.001
716,8b723674e954b,0.706,0.163,0.124,0.007
717,4d66ae5d3b8eb,0.211,0.461,0.262,0.066
718,dc0618a29c93e,0.054,0.069,0.873,0.004
719,c2845a021ff27,0.377,0.465,0.141,0.017
720,3fe61535d0819,0.834,0.125,0.039,0.002
721,3d3085554f652,0.744,0.091,0.155,0.01
722,b2c45f098c149,0.926,0.062,0.007,0.005
723,122f2e51d4ce9,0.184,0.335,0.474,0.007
724,7738c328f4fd7,0.115,0.809,0.075,0.001
725,43df54a23c073,0.179,0.748,0.073,0.0
726,a83655cdf0993,0.632,0.259,0.1,0.009
727,39e62da38b4fa,0.158,0.344,0.498,0.0
728,f71aa8c3d7d83,0.78,0.204,0.015,0.001
729,ecff2dc33705b,0.776,0.141,0.079,0.004
730,170d5c986e07a,0.776,0.177,0.037,0.01
731,422a8f8c924d4,0.107,0.722,0.171,0.0
732,8967c66ffde91,0.514,0.403,0.081,0.002
733,080c006cd0523,0.696,0.155,0.149,0.0
734,b70c8297cda29,0.812,0.103,0.082,0.003
735,4a9778c31aeb6,0.203,0.661,0.133,0.003
736,ccfd422411d10,0.11,0.827,0.063,0.0
737,6f04a01382893,0.58,0.236,0.183,0.001
738,9690cbab4b343,0.905,0.077,0.017,0.001
739,73aa52faba5fb,0.674,0.137,0.178,0.011
740,1411d1329a726,0.084,0.098,0.81,0.008
741,11e475da477cd,0.097,0.856,0.045,0.002
742,551073af0b475,0.798,0.106,0.092,0.004
743,2fdb2e6ae4c78,0.232,0.174,0.497,0.097
744,de6c6df9c7633,0.164,0.291,0.341,0.204
745,68c5476b74ba9,0.722,0.218,0.051,0.009
746,901f769b93950,0.573,0.277,0.149,0.001
747,4c54e4c0a86bc,0.091,0.129,0.776,0.004
748,6b661a4432573,0.077,0.886,0.036,0.001
749,8de170a69ed29,0.517,0.412,0.067,0.004
750,72b5772f536bc,0.737,0.2,0.055,0.008
751,e3b12bd48c5be,0.046,0.259,0.693,0.002
752,c7e58ae46f96d,0.709,0.194,0.089,0.008
753,90493c2c7a9f2,0.091,0.083,0.817,0.009
754,0d4bc1f253bc3,0.585,0.289,0.125,0.001
755,018c86227aa4b,0.844,0.11,0.043,0.003
756,ef984b19036d2,0.085,0.082,0.828,0.005
757,791020aa66d09,0.604,0.189,0.197,0.01
758,4cf0ac98daeb9,0.78,0.115,0.093,0.012
759,14bb3b0880eb0,0.167,0.333,0.427,0.073
760,5e46852eb64be,0.113,0.609,0.277,0.001
761,5690b4d600730,0.684,0.142,0.172,0.002
762,0a68b7e47d4fd,0.845,0.08,0.075,0.0
763,de9c1efa9ec19,0.342,0.594,0.055,0.009
764,ce5b7b03edcd6,0.261,0.543,0.193,0.003
765,b7c419b011aec,0.641,0.214,0.14,0.005
766,10ef8b1c391df,0.6,0.225,0.124,0.051
767,292fc9581b810,0.813,0.16,0.024,0.003
768,388f332ca3a2e,0.809,0.133,0.057,0.001
769,1a6a927b9c110,0.896,0.071,0.026,0.007
770,c905737221c83,0.119,0.803,0.076,0.002
771,0d78229a6ea7c,0.704,0.213,0.08,0.003
772,258603b78c31f,0.054,0.891,0.055,0.0
773,76599aad42b89,0.852,0.083,0.06,0.005
774,db05e06a1060a,0.719,0.151,0.129,0.001
775,3ae4d23784cc6,0.593,0.234,0.168,0.005
776,155a17bb74081,0.136,0.73,0.134,0.0
777,815a85522da37,0.066,0.364,0.568,0.002
778,9a330fdbfadfe,0.806,0.136,0.052,0.006
779,4087331671a26,0.411,0.494,0.093,0.002
780,85176b7e5af19,0.952,0.037,0.011,0.0
781,ce383925da01d,0.75,0.183,0.066,0.001
782,f61790520789c,0.281,0.544,0.165,0.01
783,1e026dc19c72d,0.844,0.107,0.047,0.002
784,f2415a7c169fd,0.614,0.229,0.153,0.004
785,c790f88410372,0.905,0.072,0.021,0.002
786,30bb3fe4a3376,0.771,0.152,0.071,0.006
787,9b7d6af728351,0.887,0.072,0.041,0.0
788,4f1cae926e696,0.363,0.484,0.138,0.015
789,0d82a19867b16,0.089,0.848,0.063,0.0
790,8b5cb7412d30a,0.165,0.515,0.312,0.008
791,f198df323c178,0.236,0.716,0.048,0.0
792,815c375189094,0.369,0.461,0.162,0.008
793,7952ec8db7c95,0.599,0.347,0.053,0.001
794,5b088b471d242,0.906,0.061,0.031,0.002
795,900b03563a5b5,0.911,0.054,0.019,0.016
796,92539eb759580,0.29,0.352,0.357,0.001
797,c29c0d79a2dd6,0.846,0.112,0.035,0.007
798,9afafcb5d872d,0.31,0.44,0.215,0.035
799,233185c4eb08c,0.537,0.239,0.202,0.022
800,cb50e9b9865dc,0.251,0.582,0.162,0.005
801,0ddcba4b69c3f,0.629,0.288,0.077,0.006
802,832bdb2a7469e,0.838,0.109,0.047,0.006
803,9c42afebd9c75,0.155,0.649,0.195,0.001
804,b316f97077dbf,0.74,0.149,0.11,0.001
805,bd4981fca035b,0.065,0.293,0.64,0.002
806,53b3f61b50914,0.043,0.902,0.053,0.002
807,d4be93f0b6143,0.442,0.443,0.101,0.014
808,86cd04b4edac2,0.214,0.443,0.331,0.012
809,dd9151f378c17,0.463,0.34,0.185,0.012
810,5816872a6c098,0.823,0.082,0.063,0.032
811,3d9dfc347fe4f,0.716,0.191,0.054,0.039
812,46cf4f1dc4084,0.48,0.448,0.058,0.014
813,a80fa110e8f40,0.292,0.609,0.094,0.005
814,6910a2db897cb,0.854,0.124,0.02,0.002
815,eb2959d9d1770,0.665,0.237,0.092,0.006
816,1d99a0eebc7d9,0.434,0.219,0.342,0.005
817,a006fd19c065f,0.729,0.203,0.067,0.001
818,d70f0b6aeab67,0.301,0.46,0.208,0.031
819,474a594475c60,0.347,0.545,0.1,0.008
820,35285f14836c9,0.855,0.096,0.046,0.003
821,5a8c30991662f,0.649,0.328,0.02,0.003
822,636b2ea401a74,0.471,0.431,0.097,0.001
823,12a6636cb8a04,0.647,0.198,0.149,0.006
824,ac7841e73c41f,0.43,0.32,0.13,0.12
825,6cbe785c81432,0.92,0.048,0.031,0.001
826,a7ac6284bbd1a,0.292,0.166,0.476,0.066
827,8494aa0262a27,0.209,0.758,0.033,0.0
828,2f59e86c955f8,0.435,0.393,0.151,0.021
829,796c691896e02,0.751,0.218,0.025,0.006
830,526d64e272d8b,0.57,0.145,0.285,0.0
831,0128c6eabdb7b,0.252,0.262,0.481,0.005
832,34ef3c78e9f2b,0.37,0.471,0.159,0.0
833,9041ff40d9df6,0.058,0.887,0.053,0.002
834,be8f90c73d2ce,0.489,0.398,0.113,0.0
835,1e68879badc74,0.71,0.182,0.089,0.019
836,068b0db59bcec,0.132,0.376,0.409,0.083
837,2dd4413578229,0.541,0.193,0.266,0.0
838,f1e0f76f750a1,0.462,0.33,0.205,0.003
839,7dffc36f3a3b0,0.154,0.759,0.087,0.0
840,af93ecbce6d47,0.231,0.227,0.492,0.05
841,f53170c5bba19,0.096,0.803,0.1,0.001
842,118220415c103,0.888,0.059,0.042,0.011
843,d21e9f07a6bc5,0.585,0.338,0.074,0.003
844,180188aee7d95,0.807,0.161,0.032,0.0
845,87726063b871d,0.544,0.288,0.156,0.012
846,d1bdbc60a0d64,0.786,0.192,0.017,0.005
847,f27d6422ac869,0.664,0.22,0.104,0.012
848,ed024f50dd653,0.401,0.473,0.114,0.012
849,ba5a6d6044b66,0.477,0.427,0.092,0.004
850,a43b357197d0c,0.102,0.761,0.136,0.001
851,060bb76daf9fa,0.049,0.903,0.048,0.0
852,d110696284e5a,0.641,0.232,0.124,0.003
853,6bcad44f3c4bd,0.431,0.475,0.091,0.003
854,32e9ac739bedf,0.167,0.759,0.074,0.0
855,c3aa7a39963ea,0.727,0.159,0.108,0.006
856,534517f420ab4,0.1,0.815,0.085,0.0
857,14973a2cce43c,0.418,0.363,0.211,0.008
858,1fb1410781710,0.185,0.745,0.068,0.002
859,a45eb9ddc5355,0.799,0.138,0.06,0.003
860,3f9dee5a72305,0.857,0.082,0.058,0.003
861,1a8bba36f93c8,0.801,0.151,0.035,0.013
862,2c2b1501d1a45,0.652,0.281,0.062,0.005
863,609ce5bca8269,0.289,0.428,0.229,0.054
864,82e27c98ac37e,0.692,0.247,0.053,0.008
865,47897cad83606,0.482,0.407,0.104,0.007
866,c521cffae77aa,0.023,0.964,0.012,0.001
867,dcf73aab95677,0.849,0.084,0.066,0.001
868,ca6bf9ab3674d,0.286,0.395,0.309,0.01
869,caf7ef58b1e55,0.905,0.059,0.036,0.0
870,4fe7c57cc9eb1,0.885,0.071,0.043,0.001
871,36ba3fc975645,0.595,0.155,0.25,0.0
872,4bb3494b9914d,0.781,0.162,0.046,0.011
873,5902b2ae74bd6,0.533,0.385,0.078,0.004
874,efe612b36b290,0.749,0.175,0.065,0.011
875,4361401b86822,0.927,0.052,0.01,0.011
876,7b6435136274c,0.13,0.15,0.705,0.015
877,891d4301951c0,0.085,0.872,0.04,0.003
878,4f3746ead8126,0.04,0.087,0.841,0.032
879,006f397ba106a,0.363,0.495,0.137,0.005
880,7fb4ca6377428,0.313,0.296,0.365,0.026
881,eb55b96e66d39,0.335,0.525,0.128,0.012
882,951c6f734c244,0.471,0.206,0.323,0.0
883,dd87b3250f002,0.937,0.058,0.005,0.0
884,0071a885d93e1,0.06,0.897,0.043,0.0
885,61b097d9078f9,0.693,0.252,0.054,0.001
886,db80a2e44dc63,0.369,0.546,0.077,0.008
887,fa28d8b552b22,0.145,0.624,0.225,0.006
888,753f14ea787f8,0.77,0.141,0.081,0.008
889,deb8f723361ee,0.572,0.283,0.13,0.015
890,10726732d107c,0.083,0.865,0.046,0.006
891,f2cc8511661cf,0.55,0.182,0.267,0.001
892,26857b13430a2,0.686,0.185,0.123,0.006
893,3656ef4851707,0.948,0.041,0.011,0.0
894,36157c5e57c45,0.18,0.524,0.249,0.047
895,4b53ec8fda318,0.081,0.879,0.039,0.001
896,7ef275b17bed7,0.866,0.105,0.029,0.0
897,34deda4e42f62,0.589,0.216,0.193,0.002
898,48a957cb2d5f8,0.783,0.19,0.019,0.008
899,4693700496af9,0.078,0.86,0.062,0.0
900,1f0ded0639e7a,0.878,0.08,0.036,0.006
901,5b3d157181b96,0.837,0.129,0.031,0.003
902,28d42a96780a7,0.811,0.17,0.016,0.003
903,fdc9632a4a1d8,0.145,0.218,0.633,0.004
904,a5d4e62ab9d1b,0.413,0.343,0.238,0.006
905,b56328de1caba,0.466,0.477,0.056,0.001
906,f30642ece972d,0.716,0.172,0.074,0.038
907,3751a9a43f86c,0.537,0.349,0.11,0.004
908,480a294efffd3,0.581,0.3,0.114,0.005
909,e27160a00052a,0.085,0.837,0.078,0.0
910,42bee55f64d83,0.264,0.503,0.202,0.031
911,0ac161601e1cf,0.76,0.142,0.094,0.004
912,2968d9203a50e,0.086,0.845,0.067,0.002
913,e8edec61c7ead,0.139,0.401,0.451,0.009
914,c888dba99e342,0.199,0.315,0.359,0.127
915,c375971c80da3,0.101,0.777,0.119,0.003
916,d74361e57960e,0.642,0.342,0.015,0.001
917,2c64057c924b1,0.38,0.464,0.142,0.014
918,4c11f42ffa5f2,0.71,0.24,0.048,0.002
919,69c2dd96b8a0e,0.742,0.153,0.072,0.033
920,82089be460516,0.063,0.847,0.088,0.002
921,29367966308ad,0.104,0.817,0.078,0.001
922,78ddac1b5c17b,0.548,0.256,0.157,0.039
923,d6eab2dc0a399,0.671,0.189,0.121,0.019
924,94bf3ff4e165c,0.211,0.352,0.389,0.048
925,098d9a3fe3d10,0.43,0.281,0.286,0.003
926,dcd4e415ea8d9,0.691,0.256,0.053,0.0
927,89b146eef33a7,0.343,0.48,0.141,0.036
928,cafe24c31a3a6,0.155,0.771,0.069,0.005
929,1222371814a79,0.075,0.855,0.07,0.0
930,55d4a78899384,0.403,0.529,0.065,0.003
931,b1b955cd936a0,0.941,0.038,0.021,0.0
932,5e172de3bdf45,0.583,0.39,0.027,0.0
933,d60b38edec8fd,0.604,0.312,0.084,0.0
934,30224ace3f796,0.578,0.324,0.084,0.014
935,7878675f4eeb3,0.647,0.259,0.091,0.003
936,0ba218e978536,0.5,0.427,0.073,0.0
937,5e6cb3be4eae8,0.107,0.727,0.165,0.001
938,2256258c00f3f,0.869,0.101,0.027,0.003
939,3e88d5039c9f4,0.101,0.174,0.7,0.025
940,0dd527ba34e2f,0.102,0.724,0.158,0.016
941,88a5b42c74db1,0.921,0.052,0.025,0.002
942,411d32eff6ed9,0.8,0.141,0.049,0.01
943,9b19b9b15c25e,0.907,0.067,0.025,0.001
944,3052c78008eee,0.743,0.218,0.039,0.0
945,6413452c3e5cd,0.362,0.428,0.196,0.014
946,ee9212c25f4fa,0.634,0.231,0.117,0.018
947,3ebfdb3415e08,0.563,0.247,0.181,0.009
948,881594979c4f7,0.227,0.631,0.137,0.005
949,f8afbadd81458,0.818,0.126,0.044,0.012
950,242d9c429060c,0.352,0.57,0.078,0.0
951,8653751f4a246,0.116,0.845,0.038,0.001
952,baeedbd171001,0.537,0.366,0.08,0.017
953,f0189bd7f295c,0.109,0.849,0.038,0.004
954,bf668915e0d28,0.959,0.027,0.007,0.007
955,8b49820247a60,0.393,0.487,0.116,0.004
956,fb31f1ad9b1cf,0.168,0.277,0.545,0.01
957,1597ec98b9d28,0.591,0.328,0.076,0.005
958,5dbd186642f6b,0.032,0.924,0.043,0.001
959,00bf2b9f9a303,0.608,0.32,0.07,0.002
960,442edd00587ea,0.751,0.235,0.014,0.0
961,e4a711e8686ee,0.74,0.115,0.121,0.024
962,7a531fc54f8b6,0.627,0.217,0.155,0.001
963,ab46b96cd74fa,0.823,0.161,0.016,0.0
964,12b1fc45c4e45,0.92,0.06,0.015,0.005
965,5f5ec80379262,0.536,0.269,0.184,0.011
966,97b041e2d52eb,0.945,0.045,0.006,0.004
967,b06a13bdb26a1,0.765,0.174,0.057,0.004
968,934598796fba0,0.786,0.159,0.051,0.004
